[More Settings]
fsr = 21.539928925057318
sd = 0.1275915184347408
laser_position_x = 0
laser_position_y = 0

[Andor]
spect_column = 1110
spect_row = 939

[Synth]
rf_power = -19.0
counts_target = 100000
corr_factor = 1.3

