[More Settings]
fsr = 21.50789194596929
sd = 0.1272285440177183
laser_position_x = 534
laser_position_y = 510

[Andor]
spect_column = 1111
spect_row = 938

[Synth]
rf_power = -8.0

