[More Settings]
fsr = 21.507785512319252
sd = 0.12733080510082895
laser_position_x = 339
laser_position_y = 411

[Andor]
spect_column = 1111
spect_row = 938

[Synth]
rf_power = -8.0

