[More Settings]
fsr = 21.436813871532056
sd = 0.12633641663057663
laser_position_x = 0
laser_position_y = 0

[Andor]
spect_column = 1110
spect_row = 939

[Synth]
rf_power = 0.0

