[More Settings]
fsr = 21.554341258315304
sd = 0.12771843948986678
laser_position_x = 267
laser_position_y = 255

[Andor]
spect_column = 1111
spect_row = 938

[Synth]
rf_power = -8.0

