[More Settings]
fsr = 21.53375340568942
sd = 0.1276329612714041
laser_position_x = 0
laser_position_y = 0

[Andor]
spect_column = 1110
spect_row = 939

[Synth]
rf_power = -20.0

